Result - 
=======
Prepend
=======
        |--------------------Vector-------------------|  |---------------------List--------------------|
  Size      Time  Creates   Copies     Assigns Destroys      Time  Creates   Copies     Assigns Destroys
   100      0 ms      100      411       4,823      411      0 ms      100      100           0      100
   500      0 ms      500    1,991     124,239    1,991      0 ms      500      500           0      500
 1,000     15 ms    1,000    4,001     498,477    4,001      0 ms    1,000    1,000           0    1,000
 5,000    187 ms    5,000   23,163  12,489,309   23,163      0 ms    5,000    5,000           0    5,000
10,000    862 ms   10,000   46,353  49,978,617   46,353      0 ms   10,000   10,000           0   10,000

======
Append
======
        |--------------------Vector-------------------|  |---------------------List--------------------|
  Size      Time  Creates   Copies     Assigns Destroys      Time  Creates   Copies     Assigns Destroys
   100      0 ms      100      227           0      227      0 ms      100      100           0      100
   500      0 ms      500    1,011           0    1,011      0 ms      500      500           0      500
 1,000      0 ms    1,000    2,023           0    2,023      0 ms    1,000    1,000           0    1,000
 5,000      0 ms    5,000   13,191           0   13,191      0 ms    5,000    5,000           0    5,000
10,000      0 ms   10,000   26,383           0   26,383      0 ms   10,000   10,000           0   10,000

===
Get
===
        |--------------------Vector-------------------|  |---------------------List--------------------|
  Size      Time  Creates   Copies     Assigns Destroys      Time  Creates   Copies     Assigns Destroys
   100      0 ms        0        0           0        0      0 ms        0        0           0        0
   500      0 ms        0        0           0        0     16 ms        0        0           0        0
 1,000      0 ms        0        0           0        0     31 ms        0        0           0        0
 5,000      0 ms        0        0           0        0    171 ms        0        0           0        0
10,000      0 ms        0        0           0        0    312 ms        0        0           0        0

======
Remove
======
        |--------------------Vector-------------------|  |---------------------List--------------------|
  Size      Time  Creates   Copies     Assigns Destroys      Time  Creates   Copies     Assigns Destroys
   100      0 ms        0        0       2,500      100      0 ms        0        0           0      100
   500     15 ms        0        0      62,500      500      0 ms        0        0           0      500
 1,000      0 ms        0        0     250,000    1,000      0 ms        0        0           0    1,000
 5,000     78 ms        0        0   6,250,000    5,000      0 ms        0        0           0    5,000
10,000    343 ms        0        0  25,000,000   10,000      0 ms        0        0           0   10,000

======
Insert
======
        |--------------------Vector-------------------|  |---------------------List--------------------|
  Size      Time  Creates   Copies     Assigns Destroys      Time  Creates   Copies     Assigns Destroys
   100      0 ms      100      405       2,393      405      0 ms      100      100           0      100
   500      0 ms      500    1,983      59,854    1,983     15 ms      500      500           0      500
 1,000      0 ms    1,000    3,981     248,507    3,981     16 ms    1,000    1,000           0    1,000
 5,000    280 ms    5,000   23,147   6,227,335   23,147    405 ms    5,000    5,000           0    5,000
10,000  1,123 ms   10,000   46,335  25,117,129   46,335  1,657 ms   10,000   10,000           0   10,000

=======
Reverse
=======
        |--------------------Vector-------------------|  |---------------------List--------------------|
  Size      Time  Creates   Copies     Assigns Destroys      Time  Creates   Copies     Assigns Destroys
   100      0 ms        0      300      14,950      300      0 ms        0       50           0       50
   500      0 ms        0    1,500     374,750    1,500      0 ms        0      250           0      250
 1,000     15 ms        0    3,000   1,499,500    3,000      0 ms        0      500           0      500
 5,000    484 ms        0   15,000  37,497,500   15,000      0 ms        0    2,500           0    2,500
10,000  1,950 ms        0   30,000 149,995,000   30,000      0 ms        0    5,000           0    5,000

Done! Total time: 8.09182 seconds
